(UTC-04:00) Cuiaba
2006 240 0 -60 0 2 0 2 2 0 0 0 0 11 0 1 0 0 0 0
2007 240 0 -60 0 2 0 5 0 0 0 0 0 10 0 2 0 0 0 0
2008 240 0 -60 0 2 0 3 0 0 0 0 0 10 6 3 23 59 59 999
2009 240 0 -60 0 2 6 2 23 59 59 999 0 10 6 3 23 59 59 999
2010 240 0 -60 0 2 6 3 23 59 59 999 0 10 6 3 23 59 59 999
2011 240 0 -60 0 2 6 3 23 59 59 999 0 10 6 3 23 59 59 999
2012 240 0 -60 0 2 6 4 23 59 59 999 0 10 6 3 23 59 59 999
2013 240 0 -60 0 2 6 3 23 59 59 999 0 10 6 3 23 59 59 999
2014 240 0 -60 0 2 6 3 23 59 59 999 0 10 6 3 23 59 59 999
2015 240 0 -60 0 2 6 3 23 59 59 999 0 10 6 3 23 59 59 999
2016 240 0 -60 0 2 6 3 23 59 59 999 0 10 6 3 23 59 59 999
2017 240 0 -60 0 2 6 3 23 59 59 999 0 10 6 2 23 59 59 999
2018 240 0 -60 0 2 6 3 23 59 59 999 0 10 6 3 23 59 59 999
2019 240 0 -60 0 2 6 3 23 59 59 999 0 10 6 3 23 59 59 999
2020 240 0 -60 0 2 6 3 23 59 59 999 0 10 6 3 23 59 59 999
2021 240 0 -60 0 2 6 3 23 59 59 999 0 10 6 3 23 59 59 999
2022 240 0 -60 0 2 6 3 23 59 59 999 0 10 6 3 23 59 59 999
2023 240 0 -60 0 2 6 4 23 59 59 999 0 10 6 2 23 59 59 999
2024 240 0 -60 0 2 6 3 23 59 59 999 0 10 6 3 23 59 59 999
2025 240 0 -60 0 2 6 3 23 59 59 999 0 10 6 3 23 59 59 999
2026 240 0 -60 0 2 6 3 23 59 59 999 0 10 6 3 23 59 59 999
2027 240 0 -60 0 2 6 3 23 59 59 999 0 10 6 3 23 59 59 999
2028 240 0 -60 0 2 6 3 23 59 59 999 0 10 6 2 23 59 59 999
2029 240 0 -60 0 2 6 3 23 59 59 999 0 10 6 3 23 59 59 999
2030 240 0 -60 0 2 6 3 23 59 59 999 0 10 6 3 23 59 59 999
2031 240 0 -60 0 2 6 3 23 59 59 999 0 10 6 3 23 59 59 999
2032 240 0 -60 0 2 6 2 23 59 59 999 0 10 6 3 23 59 59 999
2033 240 0 -60 0 2 6 3 23 59 59 999 0 10 6 3 23 59 59 999
2034 240 0 -60 0 2 6 4 23 59 59 999 0 10 6 2 23 59 59 999
2035 240 0 -60 0 2 6 3 23 59 59 999 0 10 6 3 23 59 59 999
2036 240 0 -60 0 2 6 3 23 59 59 999 0 10 6 3 23 59 59 999
2037 240 0 -60 0 2 6 3 23 59 59 999 0 10 6 3 23 59 59 999
2038 240 0 -60 0 2 6 3 23 59 59 999 0 10 6 3 23 59 59 999
2039 240 0 -60 0 2 6 4 23 59 59 999 0 10 6 3 23 59 59 999
2040 240 0 -60 0 2 6 3 23 59 59 999 0 10 6 3 23 59 59 999
