(UTC-03:00) Greenland
2008 180 0 -60 0 10 0 5 2 0 0 0 0 4 0 1 2 0 0 0
2009 180 0 -60 0 10 6 4 23 0 0 0 0 3 6 5 22 0 0 0
2010 180 0 -60 0 10 6 5 23 0 0 0 0 3 6 5 22 0 0 0
2011 180 0 -60 0 10 6 5 23 0 0 0 0 3 6 5 22 0 0 0
2012 180 0 -60 0 10 6 5 23 0 0 0 0 3 6 4 22 0 0 0
2013 180 0 -60 0 10 6 5 23 0 0 0 0 3 6 5 22 0 0 0
2014 180 0 -60 0 10 6 5 23 0 0 0 0 3 6 5 22 0 0 0
2015 180 0 -60 0 10 6 4 23 0 0 0 0 3 6 5 22 0 0 0
2016 180 0 -60 0 10 6 5 23 0 0 0 0 3 6 5 22 0 0 0
2017 180 0 -60 0 10 6 5 23 0 0 0 0 3 6 5 22 0 0 0
2018 180 0 -60 0 10 6 5 23 0 0 0 0 3 6 4 22 0 0 0
2019 180 0 -60 0 10 6 5 23 0 0 0 0 3 6 5 22 0 0 0
2020 180 0 -60 0 10 6 4 23 0 0 0 0 3 6 5 22 0 0 0
2021 180 0 -60 0 10 6 5 23 0 0 0 0 3 6 5 22 0 0 0
