(UTC+02:00) Jerusalem
2004 -120 0 -60 0 0 0 0 0 0 0 0 0 0 0 0 0 0 0 0
2005 -120 0 -60 0 10 0 2 2 0 0 0 0 4 5 1 2 0 0 0
2006 -120 0 -60 0 10 0 1 2 0 0 0 0 3 5 5 2 0 0 0
2007 -120 0 -60 0 9 0 3 2 0 0 0 0 3 5 5 2 0 0 0
2008 -120 0 -60 0 10 0 1 2 0 0 0 0 3 5 5 2 0 0 0
2009 -120 0 -60 0 9 0 5 2 0 0 0 0 3 5 5 2 0 0 0
2010 -120 0 -60 0 9 0 2 2 0 0 0 0 3 5 5 2 0 0 0
2011 -120 0 -60 0 10 0 1 2 0 0 0 0 4 5 1 2 0 0 0
2012 -120 0 -60 0 9 0 4 2 0 0 0 0 3 5 5 2 0 0 0
2013 -120 0 -60 0 9 0 2 2 0 0 0 0 3 5 5 2 0 0 0
2014 -120 0 -60 0 9 0 4 2 0 0 0 0 3 5 5 2 0 0 0
2015 -120 0 -60 0 9 0 3 2 0 0 0 0 3 5 5 2 0 0 0
2016 -120 0 -60 0 10 0 2 2 0 0 0 0 4 5 1 2 0 0 0
2017 -120 0 -60 0 9 0 4 2 0 0 0 0 3 5 5 2 0 0 0
2018 -120 0 -60 0 9 0 3 2 0 0 0 0 3 5 5 2 0 0 0
2019 -120 0 -60 0 10 0 1 2 0 0 0 0 3 5 5 2 0 0 0
2020 -120 0 -60 0 9 0 4 2 0 0 0 0 3 5 5 2 0 0 0
2021 -120 0 -60 0 9 0 2 2 0 0 0 0 3 5 5 2 0 0 0
2022 -120 0 -60 0 10 0 1 2 0 0 0 0 4 5 1 2 0 0 0
2023 -120 0 -60 0 0 0 0 0 0 0 0 0 0 0 0 0 0 0 0
