(UTC+02:00) Beirut
2009 -120 0 -60 0 10 0 5 0 0 0 0 0 3 0 5 0 0 0 0
2010 -120 0 -60 0 10 6 5 23 59 59 999 0 3 6 5 23 59 59 999
2011 -120 0 -60 0 10 6 5 23 59 59 999 0 3 6 5 23 59 59 999
2012 -120 0 -60 0 10 6 5 23 59 59 999 0 3 6 4 23 59 59 999
2013 -120 0 -60 0 10 6 5 23 59 59 999 0 3 6 5 23 59 59 999
2014 -120 0 -60 0 10 6 5 23 59 59 999 0 3 6 5 23 59 59 999
2015 -120 0 -60 0 10 6 4 23 59 59 999 0 3 6 5 23 59 59 999
2016 -120 0 -60 0 10 6 5 23 59 59 999 0 3 6 5 23 59 59 999
2017 -120 0 -60 0 10 6 5 23 59 59 999 0 3 6 5 23 59 59 999
2018 -120 0 -60 0 10 6 5 23 59 59 999 0 3 6 4 23 59 59 999
2019 -120 0 -60 0 10 6 5 23 59 59 999 0 3 6 5 23 59 59 999
2020 -120 0 -60 0 10 6 4 23 59 59 999 0 3 6 5 23 59 59 999
2021 -120 0 -60 0 10 6 5 23 59 59 999 0 3 6 5 23 59 59 999
