(UTC-04:00) Asuncion
2008 240 0 -60 0 3 6 2 23 59 59 999 0 10 6 3 23 59 59 999
2009 240 0 -60 0 3 6 1 23 59 59 999 0 10 6 3 23 59 59 999
2010 240 0 -60 0 4 6 2 23 59 59 999 0 10 6 1 23 59 59 999
2011 240 0 -60 0 4 6 2 23 59 59 999 0 10 6 1 23 59 59 999
2012 240 0 -60 0 4 6 1 23 59 59 999 0 10 6 1 23 59 59 999
2013 240 0 -60 0 4 6 2 23 59 59 999 0 10 6 1 23 59 59 999
2014 240 0 -60 0 4 6 2 23 59 59 999 0 10 6 1 23 59 59 999
2015 240 0 -60 0 4 6 2 23 59 59 999 0 10 6 1 23 59 59 999
2016 240 0 -60 0 4 6 2 23 59 59 999 0 10 6 1 23 59 59 999
2017 240 0 -60 0 4 6 2 23 59 59 999 0 9 6 5 23 59 59 999
2018 240 0 -60 0 4 6 1 23 59 59 999 0 10 6 1 23 59 59 999
2019 240 0 -60 0 4 6 2 23 59 59 999 0 10 6 1 23 59 59 999
2020 240 0 -60 0 4 6 2 23 59 59 999 0 10 6 1 23 59 59 999
2021 240 0 -60 0 4 6 2 23 59 59 999 0 10 6 1 23 59 59 999
