(UTC+02:00) Damascus
2006 -120 0 -60 0 9 3 3 23 59 59 999 0 3 5 5 23 59 59 999
2007 -120 0 -60 0 11 4 1 23 59 59 999 0 3 4 5 23 59 59 999
2008 -120 0 -60 0 10 5 5 23 59 59 999 0 4 4 1 23 59 59 999
2009 -120 0 -60 0 10 4 5 23 59 59 999 0 3 4 5 23 59 59 999
2010 -120 0 -60 0 10 4 5 23 59 59 999 0 4 4 1 23 59 59 999
2011 -120 0 -60 0 10 4 5 23 59 59 999 0 3 4 5 23 59 59 999
2012 -120 0 -60 0 10 4 5 23 59 59 999 0 4 4 1 23 59 59 999
2013 -120 0 -60 0 10 4 5 23 59 59 999 0 4 4 1 23 59 59 999
2014 -120 0 -60 0 10 4 5 23 59 59 999 0 4 4 1 23 59 59 999
2015 -120 0 -60 0 10 4 5 23 59 59 999 0 4 4 1 23 59 59 999
2016 -120 0 -60 0 10 4 5 23 59 59 999 0 3 4 5 23 59 59 999
2017 -120 0 -60 0 10 4 5 23 59 59 999 0 4 4 1 23 59 59 999
